TOTENERG
     -228788653    -1068298349
COORD   
              0              0     1038616372     1014537091
     -705325479     1069577884              0              0
    -1536589916    -1074352430     1608808126    -1074768753
              0              0    -1536589917     1073131218
     1608808128    -1074768753
MAP2ZMAT   
              1              0              2              0
              3              0
GRD FILE
    3   0.000000000000000
   8.000000000000000   0.000000000000000   0.000000000000000   0.128619770500000
   1.000000000000000   0.000000000000000  -1.417681352800000  -1.020644545200000
   1.000000000000000   0.000000000000000   1.417681352800000  -1.020644545200000
   8.000000000000000   0.000000000000000   0.000000000000000   0.000002340200000
   1.000000000000000   0.000000000000000   0.000004555000000  -0.000001170100000
   1.000000000000000   0.000000000000000  -0.000004555000000  -0.000001170100000
DIPOL FILE
   0.000000000000000   0.000000000000000  -0.775950803500000
