TOTENERG
     1276998633    -1068296671
COORD   
              0              0              0     1015283712
     -526952573     1069548288              0              0
     -825899766    -1074346142      352278678    -1074805819
              0              0     -825899768     1073137506
      352278683    -1074805819
MAP2ZMAT   
              1              0              2              0
              3              0
GRD FILE
    3   0.000000000000000
   8.000000000000000   0.000000000000000   0.000000000000000   0.125091657300000
   1.000000000000000   0.000000000000000  -1.423678214700000  -0.992647687000000
   1.000000000000000   0.000000000000000   1.423678214700000  -0.992647687000000
   8.000000000000000   0.000000000000000   0.000000000000000   0.000005650400000
   1.000000000000000   0.000000000000000  -0.000005436500000  -0.000002825200000
   1.000000000000000   0.000000000000000   0.000005436500000  -0.000002825200000
DIPOL FILE
   0.000000000000000   0.000000000000000  -0.753756358800000
